fichier10K14 nkxtyx 10 602000 10 75000 10 794000 
fichier10K22 vgnyxkwyfwcpwr 13 572000 13 105000 13 1382000 
fichier10K70 iejpnji 16 391000 16 156000 16 895000 
fichier10K1 caamgqsfpop 7 436000 7 42000 7 1050000 
fichier10K7 coalh 8 1409000 8 114000 8 1212000 
fichier10K18 kpfynxpvswp 7 616000 8 80000 8 875000 
fichier10K41 sgyfvwdbtcq 11 744000 11 50000 11 1482000 
fichier10K43 hwwnfvxxyya 7 595000 7 108000 7 1082000 
fichier10K78 ylnmowcuaj 11 659000 11 55000 11 798000 
fichier10K29 kwnev 8 8902000 8 31000 8 767000 
fichier10K60 kwnev 9 1058000 9 65000 9 970000 
fichier10K24 fdpnkwnargqorci 11 1301000 11 44000 11 793000 
fichier10K26 pedpefekloafxlyt 11 1333000 11 52000 11 1143000 
fichier10K28 fvqsathjrwkeem 17 1133000 17 78000 17 1194000 
fichier10K59 iopadbp 12 545000 12 44000 12 1103000 
fichier10K73 cnuxqs 10 458000 10 61000 10 827000 
fichier10K19 hyjkbf 7 540000 7 39000 7 777000 
fichier10K94 moahvnmdqjcb 6 474000 6 122000 6 938000 
fichier10K20 ajnkuqoueh 15 920000 15 47000 15 1142000 
fichier10K10 vdyukesdmxqq 10 1145000 10 87000 10 997000 
fichier10K36 rwttsk 12 919000 12 34000 12 820000 
fichier10K31 igmt 5 581000 5 42000 5 779000 
fichier10K3 ogsosvd 10 1169000 10 68000 10 1032000 
fichier10K61 ipnpbtbbte 13 8100000 13 50000 13 820000 
fichier10K75 hghyenelmyk 6 628000 6 109000 6 1353000 
fichier10K6 jgihltedsxabr 9 2253000 10 55000 10 914000 
fichier10K89 gerdvimbiarw 8 582000 8 42000 8 815000 
fichier10K17 biuqjerjogbq 7 723000 7 66000 7 1556000 
fichier10K21 dxlohgduhf 12 1232000 12 135000 12 1321000 
fichier10K4 rckfffp 14 933000 14 37000 14 943000 
fichier10K92 wkoqktv 10 864000 10 41000 10 938000 
fichier10K98 cfljdwffxy 10 1656000 10 65000 10 1400000 
fichier10K34 tyvcgqe 11 1273000 11 51000 11 1064000 
fichier10K23 yqihgug 13 890000 13 41000 13 999000 
fichier10K90 juqjncgriruof 10 758000 11 71000 11 1113000 
fichier10K32 oxlcjwjvyrl 10 1282000 10 45000 10 958000 
fichier10K51 vgnyxkwyfwcpwr 13 1698000 13 102000 13 1630000 
fichier10K25 vqfqwlkoglt 10 1149000 10 83000 10 994000 
fichier10K57 utohdn 5 1134000 5 61000 5 1657000 
fichier10K88 yesovx 11 1197000 11 61000 11 1309000 
fichier10K69 yqihgug 9 1565000 9 36000 9 831000 
fichier10K37 qjnoeunnwcsfci 9 1832000 9 34000 9 739000 
fichier10K66 invei 9 749000 9 101000 9 1451000 
fichier10K54 ymmbdxvwslu 10 3618000 10 44000 10 696000 
fichier10K16 wuqvvyjshbdj 9 446000 10 46000 10 1074000 
fichier10K50 locxdpk 5 891000 5 41000 5 1014000 
fichier10K38 ncjdpjo 9 3723000 9 44000 9 738000 
fichier10K85 hpjdgb 11 421000 11 54000 11 887000 
fichier10K55 tlvdubjjav 13 411000 13 89000 13 940000 
fichier10K12 swukpmdmyoin 10 514000 10 108000 10 927000 
fichier10K52 axwwxpk 14 448000 14 43000 14 1072000 
fichier10K67 hpvkbdw 7 1550000 8 93000 8 975000 
fichier10K93 imvf 8 722000 9 120000 9 909000 
fichier10K30 yqihgug 14 419000 14 62000 14 968000 
fichier10K40 chnref 8 511000 8 172000 8 1193000 
fichier10K49 rbukk 12 1750000 12 32000 12 747000 
fichier10K33 wtdeugoryay 11 1124000 11 42000 11 798000 
fichier10K48 nr 75 583000 9 91000 82 852000 
fichier10K96 kpfynxpvswp 11 498000 11 59000 11 944000 
fichier10K2 rpglj 7 516000 7 31000 7 1065000 
fichier10K15 lgbxnptokjxsmq 11 725000 12 70000 12 733000 
fichier10K72 vdgjej 16 1007000 16 55000 16 776000 
fichier10K27 tvwwqkmgylxrdu 10 573000 10 52000 10 880000 
fichier10K68 hbejqe 8 920000 8 72000 8 1107000 
fichier10K46 rkipugcbuvhij 11 1160000 11 34000 11 731000 
fichier10K63 uvbei 16 634000 16 83000 16 1194000 
fichier10K77 anscjbdmgch 8 683000 8 52000 8 776000 
fichier10K45 dodbiwl 9 979000 9 48000 9 764000 
fichier10K35 vmbxefnyxims 12 904000 12 65000 12 1373000 
fichier10K64 aygupwuuxgkgtlqg 12 1222000 12 54000 12 919000 
fichier10K5 kxcrdh 5 1155000 5 53000 5 976000 
fichier10K13 sfarjffiai 9 729000 9 56000 9 1037000 
fichier10K82 ncwcreqsbhb 8 1536000 9 101000 9 1065000 
fichier10K91 vdyukesdmxqq 10 971000 10 49000 10 882000 
fichier10K99 iypnaydjjesx 6 1029000 6 46000 6 896000 
fichier10K87 gfwuxhukkbdj 9 876000 9 88000 9 1092000 
fichier10K39 eqogaadjagce 13 1077000 13 54000 13 897000 
fichier10K76 dbkxiusaqvircoci 19 884000 19 71000 19 1604000 
fichier10K80 gqtcmfiesb 11 1368000 11 51000 11 1132000 
fichier10K11 dpdvmmq 9 2974000 9 33000 9 741000 
fichier10K62 qlxmhenoojb 15 2012000 15 32000 15 745000 
fichier10K65 acmkakjygmjt 15 799000 15 72000 15 914000 
fichier10K56 pccqgeabqh 12 824000 12 81000 12 904000 
fichier10K95 lkftqxsugri 16 1165000 16 46000 16 778000 
fichier10K74 cexrv 9 948000 9 64000 9 952000 
fichier10K58 rawmo 13 750000 13 61000 13 734000 
fichier10K47 jmhawbpxgls 12 841000 13 84000 13 1018000 
fichier10K84 bamhumyiabti 11 753000 11 54000 11 995000 
fichier10K100 sbpcii 5 4247000 5 82000 5 899000 
fichier10K44 ythsqpasippoy 7 524000 7 53000 7 1065000 
fichier10K53 swukpmdmyoin 18 703000 18 45000 18 825000 
fichier10K8 sgxuwlg 7 462000 7 36000 7 748000 
fichier10K42 mjguygqyvpy 9 448000 9 43000 9 767000 
fichier10K97 tjttuhkagvmobxpe 12 907000 12 157000 12 1035000 
fichier10K83 fhgneos 7 528000 7 41000 7 749000 
fichier10K71 eagrpq 5 913000 5 37000 5 741000 
fichier10K79 dsrcgdsfchyxni 8 489000 8 133000 8 1411000 
fichier10K81 bhmaagp 9 594000 9 38000 9 736000 
fichier10K9 nwudgvj 10 730000 10 118000 10 1064000 
fichier10K86 nfadokurbq 9 1069000 9 82000 9 1146000 
