fichier100K97 tqkfwgjcbl 97 6188000 97 1277000 97 40346000 
fichier100K88 evlmreh 104 938000 104 70000 104 5761000 
fichier100K72 ktfhrsapywsm 105 1337000 106 67000 106 5572000 
fichier100K64 orbmgpkrnuelot 91 2706000 93 85000 93 5560000 
fichier100K76 ltyqyhgtxm 110 7381000 110 119000 110 7961000 
fichier100K57 lhnihengae 105 2023000 106 58000 106 4658000 
fichier100K70 kldcmkeclp 99 499000 99 55000 99 5603000 
fichier100K20 sqckhntwtodo 106 766000 107 122000 107 6240000 
fichier100K42 jbrumngbryen 105 949000 105 50000 105 4551000 
fichier100K22 dkdwxof 114 557000 116 58000 116 5879000 
fichier100K45 pgkvps 85 980000 86 114000 86 6214000 
fichier100K51 pcqgjam 88 931000 88 75000 88 7801000 
fichier100K21 cegoyjvdhnn 86 900000 86 69000 86 5450000 
fichier100K47 uekkpi 90 674000 90 74000 90 5546000 
fichier100K87 vynxllafijr 104 812000 105 53000 105 4628000 
fichier100K26 ncjdpjo 99 531000 101 55000 101 4872000 
fichier100K43 esyjdedycnw 93 637000 94 104000 94 5872000 
fichier100K15 pipyplotkr 104 528000 104 78000 104 8549000 
fichier100K8 tqngfkubksstf 89 700000 89 70000 89 7083000 
fichier100K16 epqyrpjratol 105 990000 106 76000 106 6698000 
fichier100K73 offhrtq 105 3053000 106 57000 106 5626000 
fichier100K52 srjrtykcva 70 620000 70 67000 70 7266000 
fichier100K18 wuijoucsbr 88 832000 88 67000 88 6389000 
fichier100K38 mjlaee 116 511000 116 59000 116 5286000 
fichier100K6 lyvxndgmgu 99 623000 99 100000 99 6223000 
fichier100K10 gwioswr 109 784000 110 91000 110 5143000 
fichier100K60 pdpgpemxrdal 98 677000 98 62000 98 5213000 
fichier100K5 byhqissuxx 96 542000 96 51000 96 6653000 
fichier100K90 ioygebkgmbnkm 99 991000 100 64000 100 5477000 
fichier100K55 wexjji 104 837000 104 66000 104 6089000 
fichier100K68 tqngfkubksstf 96 719000 97 55000 97 5276000 
fichier100K50 lybhs 101 946000 101 65000 101 5017000 
fichier100K29 kvpflabrye 88 470000 89 55000 89 6166000 
fichier100K46 gxclwyvclffat 89 1016000 90 52000 90 5057000 
fichier100K83 eqogaadjagce 116 912000 117 92000 117 8396000 
fichier100K17 fqrmcdobdh 85 1450000 85 208000 85 5963000 
fichier100K31 enwc 92 1101000 92 54000 92 5294000 
fichier100K53 xdbubldwskfk 96 779000 97 131000 97 6398000 
fichier100K82 qvfrv 91 793000 93 72000 93 5176000 
fichier100K14 sykvokg 97 872000 98 65000 98 5181000 
fichier100K40 cmajk 80 1313000 80 55000 80 6085000 
fichier100K65 sgxuwlg 100 3829000 100 56000 100 5777000 
fichier100K98 cqhtwgafnxua 93 539000 94 78000 94 6296000 
fichier100K75 fxiyfwr 96 637000 97 60000 97 5563000 
fichier100K35 rthnynalqo 102 777000 102 58000 102 8499000 
fichier100K69 hrdrigymrlxjhl 98 991000 98 67000 98 6165000 
fichier100K61 pdcopeuedinjdimr 111 1202000 112 54000 112 5117000 
fichier100K95 evlmreh 97 425000 98 60000 98 6523000 
fichier100K66 dxxv 81 495000 82 55000 82 5472000 
fichier100K24 lnemackcofo 109 994000 109 59000 109 5063000 
fichier100K37 dtkwshafewu 101 545000 103 138000 103 6361000 
fichier100K86 tsnwqkk 104 941000 106 67000 106 5218000 
fichier100K80 cgvkphe 104 797000 105 49000 105 4866000 
fichier100K81 rhpjvjf 95 707000 96 69000 96 6043000 
fichier100K3 loeca 94 620000 94 56000 94 5545000 
fichier100K92 ibdfcfyetcv 99 6625000 100 123000 100 6583000 
fichier100K94 boulqnj 95 984000 96 177000 96 6083000 
fichier100K36 xkrihhn 91 2455000 92 42000 92 5817000 
fichier100K79 matoxhlfulwws 81 619000 81 77000 81 5877000 
fichier100K27 hqjdpi 113 457000 114 74000 114 5470000 
fichier100K63 nkxtyx 103 439000 104 39000 104 5432000 
fichier100K23 ggdejovpjg 105 820000 106 38000 106 5561000 
fichier100K71 iuwjadrhxyrwn 98 518000 98 48000 98 6974000 
fichier100K77 hpquq 93 2343000 94 38000 94 6596000 
fichier100K28 fdpnkwnargqorci 107 860000 107 41000 107 5568000 
fichier100K58 xclqimq 96 461000 96 41000 96 5139000 
fichier100K4 jkjolulkwjx 99 678000 100 39000 100 5992000 
fichier100K32 uejchewjdcvtdj 97 557000 98 39000 98 5283000 
fichier100K2 moju 106 1796000 108 29000 108 5624000 
fichier100K99 cayidul 85 778000 87 30000 87 6871000 
fichier100K56 bjcrbcr 100 667000 102 39000 102 5302000 
fichier100K9 jsbbrwpoaipng 103 2903000 104 37000 104 6321000 
fichier100K1 tsnwqkk 96 775000 96 36000 96 5092000 
fichier100K59 bjcrbcr 87 555000 88 43000 88 5289000 
fichier100K85 fkhsec 87 513000 87 31000 87 5238000 
fichier100K67 yqihgug 116 499000 117 31000 117 5726000 
fichier100K54 cewa 90 555000 90 36000 90 5909000 
fichier100K30 kvkbao 89 911000 91 44000 91 5252000 
fichier100K96 tjispmnmtmal 97 721000 98 39000 98 6036000 
fichier100K74 vxjcxnuhws 82 881000 83 34000 83 6083000 
fichier100K19 sykvokg 96 901000 97 38000 97 5302000 
fichier100K39 tvwwqkmgylxrdu 112 659000 114 34000 114 5697000 
fichier100K78 uvufxpuxge 96 430000 96 46000 96 5307000 
fichier100K49 spysrnuvhn 99 706000 99 29000 99 4796000 
fichier100K25 oecij 106 644000 106 53000 106 6062000 
fichier100K84 lulifmrtat 88 552000 88 55000 88 5490000 
fichier100K62 vsfmqwl 96 482000 96 35000 96 6255000 
fichier100K34 jsbbrwpoaipng 96 362000 97 37000 97 5571000 
fichier100K93 jvfinni 91 1088000 93 31000 93 5483000 
fichier100K33 iqllxkunde 98 1722000 99 35000 99 6597000 
fichier100K41 jictccmxgqk 97 570000 97 38000 97 5207000 
fichier100K100 ncwcreqsbhb 104 1736000 104 36000 104 4776000 
fichier100K11 srjrtykcva 102 727000 104 47000 104 6445000 
fichier100K44 gktwodxhhwp 100 1323000 100 35000 100 5749000 
fichier100K89 rthnynalqo 95 783000 95 46000 95 8333000 
fichier100K13 qyovvhtmhgmh 107 689000 107 55000 107 5293000 
fichier100K48 ibdfcfyetcv 115 698000 116 30000 116 5107000 
fichier100K7 hwwnfvxxyya 115 438000 115 34000 115 6630000 
fichier100K12 tqeqcxsrvr 92 989000 95 31000 95 4856000 
fichier100K91 acmkakjygmjt 96 958000 97 35000 97 5364000 
