fichier1M95 kxnweltotjajypen 991 536000 1002 37000 1002 219706000 
fichier1M35 maxpcraujniah 1037 497000 1046 31000 1046 66397000 
fichier1M2 jyhpmagvvmxb 965 611000 973 67000 973 69119000 
fichier1M26 yqacxlswrminddtx 976 465000 984 49000 984 66037000 
fichier1M87 fdhrqrq 955 435000 958 34000 958 65358000 
fichier1M98 pdpgpemxrdal 1012 515000 1019 36000 1019 68403000 
fichier1M49 xshmml 985 645000 1001 39000 1001 61857000 
fichier1M1 dwnbecahcumpl 1006 599000 1014 33000 1014 69337000 
fichier1M34 chtrqbniupm 971 420000 983 131000 983 95601000 
fichier1M94 yqmdsjnnwx 986 463000 993 31000 993 65742000 
fichier1M42 cphehwomjgrthai 971 429000 982 30000 982 58784000 
fichier1M17 krqeor 948 775000 959 27000 959 68562000 
fichier1M43 qrbcoenlpgyu 979 414000 985 35000 985 55039000 
fichier1M24 qvufs 955 707000 964 27000 964 62279000 
fichier1M51 ugnnapg 952 422000 958 34000 958 73028000 
fichier1M21 rvyoscs 1004 524000 1012 44000 1012 73408000 
fichier1M44 nwudgvj 1006 449000 1014 27000 1014 57198000 
fichier1M73 khtpoobwaii 943 433000 946 30000 946 69805000 
fichier1M56 giggxv 1012 620000 1023 32000 1023 73346000 
fichier1M85 sckif 1013 573000 1019 26000 1019 72868000 
fichier1M70 yuicah 950 650000 960 45000 960 73891000 
fichier1M23 dkdwxof 965 445000 969 28000 969 68737000 
fichier1M92 ydepn 962 518000 972 27000 972 74114000 
fichier1M71 giggxv 1022 826000 1026 29000 1026 69059000 
fichier1M62 ilphixtjeiutxq 981 430000 986 45000 986 61117000 
fichier1M96 frdwdglkaxjt 1019 3787000 1024 50000 1024 68836000 
fichier1M20 lhkgsqs 1047 501000 1056 28000 1056 61705000 
fichier1M10 iuyrjrumnva 955 424000 965 50000 965 74381000 
fichier1M14 uejchewjdcvtdj 986 721000 998 41000 998 58427000 
fichier1M66 cycefqpiulsnmmy 1005 393000 1012 44000 1012 63006000 
fichier1M46 strpwuwqfs 1001 395000 1006 29000 1006 69482000 
fichier1M4 uvbei 1037 863000 1043 32000 1043 66072000 
fichier1M30 rpuii 961 423000 969 30000 969 77185000 
fichier1M55 hjkmc 1017 429000 1024 35000 1024 77475000 
fichier1M79 rhpjvjf 984 602000 995 42000 995 93118000 
fichier1M27 jnnhsqaumn 994 1023000 1001 59000 1001 71401000 
fichier1M90 xxbcsmjqgs 952 371000 961 31000 961 76453000 
fichier1M19 ryklxqakcdmsj 986 404000 993 32000 993 70684000 
fichier1M11 dxlohgduhf 966 439000 975 31000 975 63833000 
fichier1M76 ubgdvdd 963 402000 975 33000 975 62066000 
fichier1M57 rtrqnosyibpf 1015 364000 1026 34000 1026 64700000 
fichier1M37 hckh 991 444000 1000 38000 1000 104875000 
fichier1M86 efecsaocpm 968 1045000 972 36000 972 72691000 
fichier1M47 edivpphcxaev 985 504000 995 32000 995 85859000 
fichier1M80 impsmru 981 476000 989 35000 989 77993000 
fichier1M18 naxsprdjxlocne 978 704000 986 33000 986 72181000 
fichier1M74 reeikegigx 1008 659000 1017 29000 1017 73498000 
fichier1M60 cssuesb 957 423000 961 31000 961 69151000 
fichier1M82 jnnhsqaumn 1024 725000 1033 30000 1033 66837000 
fichier1M22 kqokp 1031 539000 1038 38000 1038 111754000 
fichier1M7 ickbcdywskp 937 816000 944 31000 944 106073000 
fichier1M67 khtpoobwaii 1034 446000 1046 32000 1046 169413000 
fichier1M40 kwnev 1005 2948000 1013 30000 1013 82100000 
fichier1M12 paumdue 997 548000 1006 37000 1006 73556000 
fichier1M89 krqeor 976 482000 983 47000 983 62509000 
fichier1M65 sgxuwlg 944 671000 955 47000 955 74376000 
fichier1M69 oswoymdbsc 992 683000 996 32000 996 70512000 
fichier1M91 sxcvnmvrmhok 1058 477000 1066 31000 1066 68941000 
fichier1M33 bkkoptefnekcx 968 531000 978 32000 978 56430000 
fichier1M48 qjnoeunnwcsfci 996 462000 1006 32000 1006 67338000 
fichier1M15 yqmdsjnnwx 948 435000 954 34000 954 69853000 
fichier1M16 myry 989 401000 994 41000 994 84114000 
fichier1M39 jvfinni 984 431000 992 32000 992 76290000 
fichier1M77 dbkxiusaqvircoci 951 541000 959 50000 959 129780000 
fichier1M45 yuicah 989 478000 993 32000 993 70446000 
fichier1M100 dvjspfcniu 964 461000 973 30000 973 74723000 
fichier1M81 ljimtxowti 1000 393000 1007 44000 1007 74138000 
fichier1M3 imooyjn 1001 403000 1009 29000 1009 64792000 
fichier1M64 dcvial 1001 463000 1010 37000 1010 75511000 
fichier1M32 frmomefuinj 1045 486000 1054 33000 1054 82741000 
fichier1M8 fqfldrfeqrfy 942 463000 954 46000 954 83790000 
fichier1M38 nkxtyx 977 443000 984 33000 984 65564000 
fichier1M97 vdgjej 1025 494000 1036 47000 1036 76180000 
fichier1M36 joxqvnreanndbg 980 1104000 985 52000 985 76536000 
fichier1M54 kvkbao 1000 401000 1011 43000 1011 71604000 
fichier1M5 qwgoqrdrghjbqco 950 462000 952 41000 952 149786000 
fichier1M88 ydsha 1047 886000 1057 35000 1057 131422000 
fichier1M28 qbuxvul 980 429000 985 32000 985 72655000 
fichier1M13 rubywxdsvg 1001 425000 1014 31000 1014 271745000 
fichier1M9 ktfhrsapywsm 985 369000 991 34000 991 94668000 
fichier1M6 qehvnvqefho 985 441000 991 31000 991 61263000 
fichier1M68 gusownglbs 977 610000 984 30000 984 77695000 
fichier1M52 mjguygqyvpy 984 524000 991 41000 991 84956000 
fichier1M75 kppnueb 1010 623000 1021 33000 1021 106590000 
fichier1M25 vlppxcn 951 422000 960 48000 960 75366000 
fichier1M84 sgxuwlg 1017 416000 1025 33000 1025 80155000 
fichier1M31 sfqgkd 1062 419000 1074 32000 1074 86480000 
fichier1M29 hghyenelmyk 981 377000 989 31000 989 275530000 
fichier1M58 dtkwshafewu 971 426000 982 38000 982 63316000 
fichier1M50 coiynmrndlpxnqvr 1000 546000 1007 34000 1007 115333000 
fichier1M59 fdpnkwnargqorci 1007 426000 1014 29000 1014 75955000 
fichier1M61 vqfqwlkoglt 1025 2171000 1037 44000 1037 49188000 
fichier1M93 uwobxfyacimr 927 482000 932 32000 932 51321000 
fichier1M72 feqtkdulfehcxaldi 982 341000 988 52000 988 75155000 
fichier1M99 mbofn 1038 461000 1045 30000 1045 130018000 
fichier1M41 otcn 1015 964000 1023 34000 1023 65692000 
fichier1M83 waqry 1055 562000 1059 45000 1059 87384000 
fichier1M53 caamgqsfpop 977 487000 989 45000 989 83790000 
fichier1M63 guvmv 942 578000 947 34000 947 79474000 
fichier1M78 gusownglbs 1016 412000 1021 33000 1021 71943000 
